,prediction,probability,customer_id
0,0,0.06482743272303168,4716-MRVEN
1,0,0.02384162265875908,8966-KZXXA
2,0,0.3889345876884519,8720-RQSBJ
3,1,0.4259793101330955,7504-UWHNB
4,0,0.25371441800056466,1730-VFMWO
5,0,0.2507332454261644,5297-MDOIR
6,1,0.5269736869966828,1273-MTETI
7,0,0.3889345876884519,4847-QNOKA
8,0,0.2518442475615884,2091-MJTFX
9,0,0.3501683236523332,0118-JPNOY
10,1,0.5269736869966828,3374-LXDEV
11,0,0.25027183561962646,1697-BCSHV
12,0,0.026272457749202182,3070-FNFZQ
13,1,0.4258087016200475,7586-ZATGZ
14,1,0.5823403156811304,7786-WBJYI
15,0,0.20721951114257806,9362-MWODR
16,0,0.19309777123020808,2391-IPLOP
17,0,0.3889345876884519,6656-JWRQX
18,0,0.17941411892171288,1623-NLDOT
19,0,0.054311425949099,8908-NMQTX
20,1,0.5865083739703,2789-HQBOU
21,0,0.19239558281230063,6289-CPNLD
22,0,0.05444574341853485,6064-ZATLR
23,0,0.19514259896189418,5269-NRGDP
24,1,0.531950240961108,1428-GTBJJ
25,0,0.21310993488942617,8474-UMLNT
26,1,0.5962864162245463,9799-CAYJJ
27,0,0.25137031026156526,7302-ZHMHP
28,0,0.09035489087911358,4835-YSJMR
29,0,0.3889345876884519,9514-JDSKI
30,1,0.4258087016200475,3842-IYKUE
31,0,0.142829425854829,9830-ECLEN
32,0,0.23574254607716216,2696-ECXKC
33,0,0.06532466132384009,7061-OVMIM
34,0,0.1639510534116659,6258-NGCNG
35,0,0.3066640168946534,2692-AQCPF
36,0,0.1417366790453882,7973-DZRKH
37,1,0.5212135773168928,8337-MSSXB
38,0,0.23648923689727494,6893-ODYYE
39,0,0.2560906316826934,4976-LNFVV
40,1,0.5261744557814906,9903-LYSAB
41,0,0.03089176879281289,5469-NUJUR
42,0,0.022821604862485773,3768-VHXQO
43,0,0.06134777996694044,5918-VUKWP
44,1,0.5994846927119174,7394-LWLYN
45,0,0.30466233016832023,6227-FBDXH
46,0,0.14106748307620404,2581-VKIRT
47,1,0.39968106291944333,6030-REHUX
48,0,0.23380139022178725,1150-FTQGN
49,0,0.1802453901543598,0980-FEXWF
50,1,0.6101169249963649,8042-JVNFH
51,0,0.14656902698615507,6341-JVQGF
52,0,0.24007825552360396,7789-HKSBS
53,1,0.5673954797788275,2815-CPTUL
54,0,0.1776216612745121,6933-FHBZC
55,0,0.022176512635871806,7684-XSZIY
56,0,0.24007825552360396,5056-FIMPT
57,0,0.11873120692074139,1222-KJNZD
58,1,0.40707564503795424,7422-WNBTY
59,1,0.45189708801160755,6646-JPPHA
60,0,0.3935747036039259,7901-TBKJX
61,0,0.1382771027002649,0164-APGRB
62,0,0.13679773527952135,6870-ECSHE
63,0,0.3501772276954411,3683-QKIUE
64,0,0.02238975334343253,2511-ALLCS
65,1,0.531950240961108,5022-JNQEQ
66,0,0.02204369110145095,8292-ITGYJ
67,0,0.1397300768057597,9253-VIFJQ
68,0,0.38337101388001704,0661-XEYAN
69,1,0.5288207360126148,9796-BPKIW
70,0,0.06152127605410319,6408-WHTEF
71,1,0.6101169249963649,9617-INGJY
72,1,0.5212135773168928,5989-PGKJB
73,0,0.022176512635871806,9661-JALZV
74,0,0.06039155717807103,0270-THENM
75,0,0.03011823432717315,8966-SNIZF
76,0,0.06811849903805042,6368-TZZDT
77,1,0.45201751402223267,4385-GZQXV
78,1,0.5263747580793747,5453-AXEPF
79,0,0.2709490915386656,9761-XUJWD
80,0,0.137966645183925,6650-BWFRT
81,0,0.35983531967323296,8885-QSQBX
82,1,0.4258087016200475,6103-BOCOU
83,0,0.3357320605285046,3466-RITXD
84,1,0.5261744557814906,3583-KRKMD
85,0,0.31815253973223917,6906-MPARY
86,0,0.061566358159609445,8336-TAVKX
87,0,0.30814831274065135,2722-VOJQL
88,0,0.10950684891619421,6727-IOTLZ
89,1,0.6155856949970918,5834-ASPWA
90,0,0.3889345876884519,1612-EOHDH
91,1,0.5332800281951505,4631-OACRM
92,0,0.23419270323872876,9770-KXGQU
93,1,0.6129815882997209,4988-IQIGL
94,1,0.5876378589064584,4290-BSXUX
95,0,0.25371441800056466,5073-WXOYN
96,0,0.03046429656915473,6425-JWTDV
97,0,0.2490870785007695,5913-INRQV
98,0,0.31316240435088366,7551-DACSP
99,0,0.39086686356619926,9992-UJOEL
100,0,0.1382771027002649,6007-TCTST
101,0,0.025753533770152336,5176-LMJXE
102,0,0.14408397198192852,2834-JKOOW
103,0,0.25211049604551666,7766-CLTIC
104,1,0.5978980909331001,9728-FTTVZ
105,1,0.5249031291723061,6328-ZPBGN
106,0,0.3599135068135146,0420-BWTPW
107,1,0.5221063771790388,8118-TJAFG
108,0,0.06436202396120272,3985-HOYPM
109,0,0.3474023531668348,0239-OXEXL
110,0,0.30814831274065135,4753-PADAS
111,0,0.3600151523910216,3658-KIBGF
112,1,0.4102129129830546,9470-XCCEM
113,0,0.13719843085593397,5753-QQWPW
114,0,0.17447850148334315,4365-MSDYN
115,0,0.17590201202918393,5850-BDWCY
116,0,0.2320656775056597,7826-VVKWT
117,0,0.30814831274065135,3692-JHONH
118,1,0.6101169249963649,5550-VFRLC
119,0,0.3150152717871388,0048-LUMLS
120,1,0.5221063771790388,0302-JOIVN
121,0,0.14165246612652596,8099-MZPUJ
122,0,0.2518442475615884,2519-ERQOJ
123,1,0.5321505432589921,9274-UARKJ
124,0,0.09825464756372325,4115-BNPJY
125,0,0.1382771027002649,1779-PWPMG
126,1,0.6030576035113062,4529-CKBCL
127,1,0.6043573455253874,9497-QCMMS
128,1,0.5745564895097697,9057-SIHCH
129,0,0.3889345876884519,6145-NNPNO
130,0,0.3171425399880604,5600-PDUJF
131,0,0.30632291666590444,6270-OMFIW
132,0,0.32313421892501,3316-UWXUY
133,0,0.025753533770152336,7321-KKSDU
134,0,0.38599661659921863,8878-HMWBV
135,0,0.3348196018702298,2684-EIWEO
136,0,0.14106748307620404,4547-FZJWE
137,0,0.06473008576906727,4750-UKWJK
138,1,0.4102129129830546,1902-XBTFB
139,0,0.06368125312453007,5324-KTGCG
140,1,0.40707564503795424,8714-EUHJO
141,1,0.4079268089312615,1472-TNCWL
142,0,0.413728867257403,3932-CMDTD
143,0,0.06152127605410319,5727-MYATE
144,0,0.1792725206362304,6008-NAIXK
145,1,0.531950240961108,9506-UXUSK
146,0,0.1783752197153835,1042-HFUCW
147,0,0.20026834384343528,4237-CLSMM
148,0,0.26266253259479194,4588-YBNIB
149,1,0.5321505432589921,0940-OUQEC
150,1,0.5321505432589921,9095-HFAFX
151,1,0.5457239381809396,1400-MMYXY
152,1,0.5309913645379976,3999-QGRJH
153,0,0.05384544581545628,7169-YWAMK
154,1,0.4343254667993283,7831-QGOXH
155,0,0.14393264188519264,9432-RUVSL
156,1,0.5332800281951505,1184-PJVDB
157,1,0.4269381865562059,7534-BFESC
158,0,0.06152127605410319,6439-PKTRR
159,0,0.21199153775160234,8309-PPCED
160,0,0.09902689700829866,6898-RBTLU
161,0,0.341595434791386,9692-TUSXH
162,0,0.09589003461461643,5996-EBTKM
163,1,0.4258087016200475,3737-XBQDD
164,0,0.41944656705619,9943-VSZUV
165,1,0.5249031291723061,6818-DJXAA
166,0,0.3873622419501925,7537-RBWEA
167,0,0.3841264461602424,9269-CQOOL
168,1,0.6169154822311345,8740-CRYFY
169,0,0.4102129129830546,9053-EJUNL
170,0,0.3953981650274497,9974-JFBHQ
171,0,0.24861527018227003,3858-XHYJO
172,0,0.3066640168946534,5168-MQQCA
173,0,0.3953981650274497,8065-BVEPF
174,1,0.5062593175202715,0221-WMXNQ
175,0,0.02554029306259161,2545-LXYVJ
176,0,0.17590201202918393,1009-IRMNA
177,0,0.03082357800628048,0164-XAIRP
178,0,0.31415348568591606,0431-APWVY
179,0,0.06235344899927692,7337-CINUD
180,0,0.3953981650274497,2277-DJJDL
181,1,0.5321505432589921,6918-UMQCG
182,0,0.21148132338872494,8992-VONJD
183,0,0.06123793944817308,6384-VMJHP
184,0,0.1473274026984037,1389-WNUIB
185,1,0.531950240961108,1196-AMORA
186,0,0.054311425949099,9242-TKFSV
187,0,0.1456574941199165,2307-FYNNL
188,0,0.26266253259479194,1905-OEILC
189,0,0.19339018391396773,4826-DXMUP
190,0,0.3140220909433534,7964-ZRKKG
191,0,0.08547812778987848,9522-ZSINC
192,1,0.4031182226184676,8313-NDOIA
193,0,0.06058816715887628,8050-DVOJX
194,0,0.022176512635871806,7010-BRBUU
195,0,0.3889345876884519,1963-SVUCV
196,0,0.3066640168946534,8920-NAVAY
197,1,0.4079268089312615,0396-YCHWO
198,0,0.3066640168946534,1984-FCOWB
199,0,0.3101011765936776,6305-YLBMM
200,0,0.06482743272303168,9824-QCJPK
201,0,0.25371441800056466,1322-AGOQM
202,0,0.1975567662011838,3230-WYKIR
203,0,0.2560906316826934,9873-MNDKV
204,0,0.24810862024349245,9862-KJTYK
205,0,0.3820164809620419,0411-EZJZE
206,0,0.06152127605410319,2977-CEBSX
207,1,0.5275042430155331,7129-CAKJW
208,1,0.40707564503795424,0376-YMCJC
209,0,0.08798681813423961,8165-CBKXO
210,0,0.23675498135003298,0454-OKRCT
211,0,0.30466233016832023,1360-JYXKQ
212,0,0.05476750267779411,3057-VJJQE
213,1,0.4049416840419914,6543-XRMYR
214,0,0.3365832244218118,9921-EZKBY
215,0,0.02502609871725779,2808-CHTDM
216,0,0.1445938038208372,0742-LAFQK
217,0,0.09697331582987564,7089-RKVSZ
218,0,0.38388836159763895,7404-JLKQG
219,0,0.35259266504782183,3522-CDKHF
220,0,0.26266253259479194,8566-YPRGL
221,0,0.2560906316826934,3346-BRMIS
222,0,0.30671422968284595,2284-VFLKH
223,0,0.21925697372446298,8777-MBMTS
224,0,0.2634079029651623,4291-HPAXL
225,1,0.531950240961108,3030-YDNRM
226,0,0.4269381865562059,0531-ZZJWQ
227,0,0.18149071349478216,4636-OLWOE
228,0,0.38665316578905384,5960-MVTUK
229,0,0.38786849723481576,1589-AGTLK
230,0,0.025556725259514038,1862-QRWPE
231,0,0.06152127605410319,3638-VBZTA
232,0,0.04308964705603886,7277-KAMWT
233,0,0.02362838195119835,9838-BFCQT
234,0,0.3239853828183172,5002-GCQFH
235,0,0.3379568698153301,2675-OTVVJ
236,0,0.054311425949099,4139-DETXS
237,1,0.4258087016200475,9167-APMXZ
238,0,0.20932947634077856,5619-PTMIK
239,0,0.2518442475615884,4385-ZKVNW
240,0,0.05631591385751112,6119-SPUDB
241,0,0.20721951114257806,0699-NDKJM
242,0,0.2832588639619603,0867-LDTTC
243,0,0.30632291666590444,7080-TNUWP
244,0,0.03046429656915473,8922-NPKBJ
245,0,0.2560906316826934,3945-GFWQL
246,0,0.1585157942460125,4083-EUGRJ
247,0,0.1382771027002649,8513-OLYGY
248,0,0.029094574397830614,5146-YYFRZ
249,0,0.0898754970307611,2907-ILJBN
250,0,0.39955128708419013,1597-FZREH
251,0,0.11995866522063352,7812-FZHPE
252,0,0.1382771027002649,6919-ELBGL
253,0,0.35983531967323296,7312-XSBAT
254,0,0.14195938091236934,1891-QRQSA
255,0,0.25371441800056466,5155-AZQPB
256,0,0.21119964677975486,9039-RBEEE
257,1,0.5950734750420612,8413-VONUO
258,0,0.13719843085593397,6402-SSEJG
259,0,0.23205859467212528,6322-PJJDJ
260,0,0.21703953090110364,7966-YOTQW
261,0,0.15022475763434356,1088-CNNKB
262,0,0.14197521590781206,3831-YCPUO
263,1,0.4102129129830546,2672-TGEFF
264,1,0.4049416840419914,0354-WYROK
265,0,0.25851698902843523,1684-FLBGS
266,0,0.26166982979737463,7654-YWJUF
267,0,0.1762868578278666,1814-DKOLC
268,1,0.6155856949970918,2777-PHDEI
269,0,0.137966645183925,0017-IUDMW
270,0,0.2560906316826934,3521-MNKLV
271,0,0.2518442475615884,9501-UKKNL
272,0,0.11893084581594303,1760-CAZHT
273,1,0.6169154822311345,9507-EXLTT
274,0,0.20721951114257806,0733-VUNUW
275,0,0.3870044552080401,3063-QFSZL
276,0,0.05631591385751112,4940-KHCWD
277,0,0.4258087016200475,3481-JHUZH
278,0,0.24167406747891543,8262-COGGB
279,0,0.06152127605410319,6479-VDGRK
280,0,0.15767871953241205,0208-BPQEJ
281,0,0.2497342823633879,3413-CSSTH
282,0,0.25371441800056466,0823-HSCDJ
283,0,0.23562678629653416,3758-CKOQL
284,1,0.5790774984290077,2038-OEQZH
285,0,0.2658882441785976,5136-RGMZO
286,1,0.4079268089312615,9279-CJEOJ
287,1,0.5904916828793708,0259-GBZSH
288,1,0.6101169249963649,0519-XUZJU
289,0,0.06251791029452057,4302-ZYFEL
290,0,0.3889345876884519,5103-MHMHY
291,0,0.1409441958064582,7244-QWYHG
292,0,0.1802453901543598,2073-QBVBI
293,0,0.1712213148866698,2732-ISEZX
294,0,0.2560906316826934,4501-VCPFK
295,0,0.2341424904505362,7550-WIQVA
296,1,0.531950240961108,6347-DCUIK
297,1,0.531950240961108,5035-BVCXS
298,0,0.39838328991671984,1346-PJWTK
299,1,0.40707564503795424,3771-PZOBW
300,0,0.17590201202918393,6972-SNKKW
301,0,0.026112815207278085,3458-IDMFK
302,0,0.25422046124371717,4280-DLSHD
303,0,0.09962067984470574,6013-BHCAW
304,0,0.13982215973578163,2606-PKWJB
305,0,0.2172823417811163,3070-BDOQC
306,1,0.531950240961108,4282-YMKNA
307,0,0.15022475763434356,3658-QQJYD
308,1,0.5321505432589921,2379-ENZGV
309,1,0.5871390487126963,5835-BEQEU
310,1,0.5245583754577493,1624-NALOJ
311,0,0.11893084581594303,8963-MQVYN
312,0,0.06580770781009777,4359-INNWN
313,1,0.5321505432589921,8808-ELEHO
314,0,0.3066640168946534,1360-XFJMR
315,0,0.38544403447727243,0734-OXWBT
316,0,0.21546145902590172,8706-HRADD
317,0,0.39162183975089976,7207-RMRDB
318,0,0.3162075359091949,6647-ZEDXT
319,0,0.3935747036039259,8384-FZBJK
320,0,0.20721951114257806,4510-PYUSH
321,0,0.10099210354558935,5197-LQXXH
322,0,0.24534082223578652,2592-YKDIF
323,0,0.040190194793431624,7469-LKBCI
324,0,0.3936737392654255,5630-IXDXV
325,0,0.1799978749566409,6728-CZFEI
326,1,0.6101169249963649,3551-HUAZH
327,0,0.1382771027002649,3655-SNQYZ
328,1,0.5321505432589921,3106-ULWFW
329,0,0.14106748307620404,1177-XZBJL
330,1,0.5239298386025627,7295-JOMMD
331,0,0.060943695494859486,5846-NEQVZ
332,0,0.24251036209169746,0931-MHTEM
333,0,0.05727539042288548,0617-AQNWT
334,0,0.36188532282999786,7794-JASDG
335,0,0.40707564503795424,8782-LKFPK
336,0,0.14106748307620404,7945-HLKEA
337,0,0.3889345876884519,9117-SHLZX
338,0,0.05394784111263715,7139-JZFVG
339,0,0.4124927507063565,8652-YHIYU
340,0,0.06152127605410319,9919-FZDED
341,0,0.3726123213039202,9462-MJUAW
342,0,0.39327784597718174,4030-VPZBD
343,1,0.6101169249963649,3878-AVSOQ
344,0,0.2560906316826934,6581-NQCBA
345,0,0.22795567388933463,9845-PEEKO
346,0,0.14106748307620404,8597-CTXVJ
347,1,0.5995591597380779,4482-EWFMI
348,1,0.6140157420230559,5597-GLBUC
349,1,0.5269893624965102,1925-TIBLE
350,0,0.16599184377191364,4622-YNKIJ
351,0,0.17922253193302018,9618-LFJRU
352,1,0.5239298386025627,2454-RPBRZ
353,0,0.22869791989650565,5887-IKKYO
354,0,0.03089176879281289,8999-EXMNO
355,0,0.10099210354558935,3654-ARMGP
356,0,0.19713691944870962,7471-MQPOS
357,0,0.31586643568044603,8597-CWYHH
358,0,0.14106748307620404,2969-VAPYH
359,1,0.586625358576219,6275-YDUVO
360,0,0.41880970253719824,9688-YGXVR
361,0,0.3514631801116633,2479-BRAMR
362,1,0.5845349420153254,0925-VYDLG
363,0,0.25056813403529626,6807-SIWJI
364,0,0.3542460870926509,4824-GUCBY
365,0,0.24167406747891543,0673-IGUQO
366,0,0.30826407252127935,8091-TTVAX
367,0,0.06235344899927692,3546-GHEAE
368,0,0.18288218331971667,4776-XSKYQ
369,1,0.4031182226184676,3001-UNBTL
370,0,0.21546145902590172,2810-FTLEM
371,1,0.6101169249963649,8309-IEYJD
372,0,0.02362838195119835,3913-RDSJZ
373,0,0.03082357800628048,7601-GNDYK
374,1,0.5249031291723061,6969-MVBAI
375,0,0.2563947626828745,2257-BOVXD
376,0,0.21536690117786336,7740-BTPUX
377,0,0.061566358159609445,9065-ZCPQX
378,0,0.35891436584463476,7593-JNWRU
379,0,0.25137031026156526,3308-MHOOC
380,0,0.23481162359089777,2205-LPVGL
381,0,0.13719843085593397,5844-QVTAT
382,0,0.44290591703392956,7401-RUBNK
383,0,0.3889345876884519,2275-RBYQS
384,0,0.026272457749202182,6265-FRMTQ
385,0,0.2560906316826934,0212-ISBBF
386,1,0.445548835417954,4315-MURBD
387,0,0.1453505793340731,5089-IFSDP
388,0,0.3127724634254272,3419-SNJJD
389,0,0.3909845908452169,9058-CBREO
390,0,0.19729504383245985,4906-ZHGPK
391,0,0.06030483055294618,7162-WPHPM
392,0,0.13795198929680538,2703-AMTUL
393,0,0.06251729945958907,9140-CZQZZ
394,0,0.15066353283699455,7049-GKVZY
395,0,0.14656902698615507,7951-VRDVK
396,1,0.5199639082424643,9436-ZBZCT
397,0,0.25371441800056466,3794-NFNCH
398,0,0.06152127605410319,5997-OPVFA
399,0,0.3190436285922083,3092-IGHWF
400,0,0.21568965095914946,5954-BDFSG
401,0,0.03011823432717315,6217-KDYWC
402,0,0.13982215973578163,3739-YBWAB
403,0,0.02554029306259161,7558-IMLMT
404,0,0.06434676437134479,3378-AJRAO
405,0,0.24494412259220386,4255-DDUOU
406,1,0.5978980909331001,7660-HDPJV
407,0,0.24035441098033747,2889-FPWRM
408,1,0.45412727068296666,6400-BWQKW
409,1,0.5159212243738629,7508-SMHXL
410,0,0.06719734627086817,3572-UUHRS
411,0,0.35834158979995495,3956-CJUST
412,0,0.12361154295845721,3043-SUDUA
413,0,0.23681074870168065,4080-OGPJL
414,0,0.3297857635179186,5397-TUPSH
415,0,0.3150152717871388,1707-HABPF
416,0,0.10099210354558935,9530-GRMJG
417,0,0.39162183975089976,4191-XOVOM
418,1,0.5201535133260127,3992-YWPKO
419,0,0.05394784111263715,0420-TXVSG
420,0,0.17874369734518866,6968-URWQU
421,0,0.21597883436597012,6959-GQEGV
422,0,0.30764745505759045,7188-CBBBA
423,1,0.4269381865562059,3509-GWQGF
424,1,0.6028573012134221,7598-UAASY
425,0,0.04943611171123756,9424-CMPOG
426,0,0.21703953090110364,5590-ZSKRV
427,0,0.18447474133076747,4390-KYULV
428,1,0.5836701029151731,9231-ZJYAM
429,0,0.022176512635871806,7115-IRDHS
430,0,0.03082357800628048,7552-KEYGT
431,0,0.24534082223578652,3590-TCXTB
432,0,0.27613139160392,4710-NKCAW
433,0,0.1531841035718251,8024-XNAFQ
434,0,0.1456620438571305,3354-OADJP
435,0,0.05524269290670891,9755-JHNMN
436,1,0.5049246863488578,3071-VBYPO
437,0,0.23562678629653416,1060-ENTOF
438,0,0.02998969429562024,7167-PCEYD
439,0,0.25211049604551666,5778-BVOFB
440,0,0.25211049604551666,4418-LZMSV
441,0,0.14106748307620404,5387-ASZNZ
442,0,0.24494412259220386,3803-KMQFW
443,1,0.4527974834489241,1658-TJVOA
444,0,0.03156894837665085,9548-LERKT
445,0,0.03046429656915473,2817-LVCPP
446,0,0.34604811710565636,4257-GAESD
447,0,0.2518442475615884,0696-UKTOX
448,0,0.12410877155926558,9391-TTOYH
449,1,0.5135059128349294,1112-CUNAO
450,0,0.3600151523910216,9108-EJFJP
451,1,0.4031182226184676,4998-IKFSE
452,1,0.5249031291723061,6350-XFYGW
453,0,0.08128014649901621,8197-BFWVU
454,1,0.4049416840419914,7028-DVOIQ
455,1,0.4223455820700404,5522-NYKPB
456,0,0.06482743272303168,6479-OAUSD
457,0,0.3953981650274497,0979-PHULV
458,1,0.5286874237089851,8734-DKSTZ
459,0,0.029094574397830614,0847-HGRML
460,0,0.21545888035759247,3716-LRGXK
461,0,0.06152127605410319,1897-OKVMW
462,1,0.5221063771790388,2968-SSGAA
463,0,0.21517921030581977,4002-BQWPQ
464,1,0.531950240961108,3317-VLGQT
465,1,0.6101169249963649,1853-UDXBW
466,0,0.03033575653760182,0608-JDVEC
467,0,0.4004351894312456,5364-XYIRR
468,0,0.02362838195119835,3810-PJUHR
469,0,0.1783752197153835,8190-ZTQFB
470,0,0.18149071349478216,7753-USQYQ
471,0,0.35983531967323296,2722-JMONI
472,0,0.025753533770152336,6961-MJKBO
473,0,0.023495560416777493,7799-LGRDP
474,0,0.24920047095936737,6029-CSMJE
475,0,0.3894417573080758,8805-JNRAZ
476,0,0.06152127605410319,1265-ZFOSD
477,0,0.35636235365568,0541-FITGH
478,0,0.05394784111263715,8404-VIOMB
479,0,0.32833747840999367,4329-YPDDQ
480,0,0.21546145902590172,0623-IIHUG
481,0,0.3514631801116633,3865-QBWSJ
482,0,0.24730184315477985,6344-SFJVH
483,0,0.3171425399880604,7554-AKDQF
484,1,0.531950240961108,6906-ANDWJ
485,0,0.3307587749254013,3717-LNXKW
486,0,0.1382771027002649,8263-QMNTJ
487,1,0.45299778574680827,6458-CYIDZ
488,0,0.044593324787492596,5057-RKGLH
489,0,0.02362838195119835,5115-SQAAU
490,0,0.02384162265875908,5622-UEJFI
491,0,0.10103718565109558,5329-KRDTM
492,0,0.13795198929680538,6461-PPAXN
493,0,0.3501772276954411,4452-QIIEB
494,0,0.40066939396851303,6818-WOBHJ
495,0,0.06063324926438254,7779-ORAEL
496,0,0.025753533770152336,6169-PPETC
497,0,0.030251055861594003,2848-YXSMW
498,0,0.14952109591687113,6061-GWWAV
499,0,0.30826407252127935,0218-QNVAS
500,0,0.14736865104630545,8608-OZTLB
501,1,0.4269381865562059,8728-SKJLR
502,0,0.2261112124741342,8901-UPRHR
503,0,0.14197521590781206,0013-SMEOE
504,0,0.39327784597718174,6519-CFDBX
505,0,0.12586788399196913,4488-PSYCG
506,0,0.3216617219346078,6849-OYAMU
507,0,0.39802617283099573,3932-IJWDZ
508,0,0.057606217490554654,5135-RDDQL
509,0,0.34370579456746325,1169-WCVAK
510,0,0.37934014194408827,0742-MOABM
511,0,0.03046429656915473,4698-KVLLG
512,0,0.14823043714752818,1661-CZBAU
513,0,0.21119964677975486,8644-XYTSV
514,0,0.4258087016200475,3714-NTNFO
515,0,0.2571824823985684,0953-LGOVU
516,0,0.029227395932251467,0464-WJTKO
517,1,0.5825406179790147,8593-WHYHV
518,0,0.26266253259479194,7989-CHGTL
519,0,0.1232427592318724,7998-ZLXWN
520,0,0.3395192082155213,4957-TREIR
521,0,0.38757158686909954,7501-VTYLJ
522,0,0.21119964677975486,0447-BEMNG
523,1,0.41226915127360386,0637-YLETY
524,1,0.4269381865562059,2476-YGEFM
525,0,0.2658882441785976,5949-HGVJL
526,0,0.25211049604551666,5939-XAIXZ
527,0,0.06827319002827041,9847-HNVGP
528,0,0.1783752197153835,4576-CSAJH
529,0,0.21597883436597012,4747-LCAQL
530,0,0.25371441800056466,7595-EHCDL
531,0,0.13719843085593397,4003-OCTMP
532,0,0.26266253259479194,7617-EYGLW
533,0,0.06384740152313612,6447-EGDIV
534,0,0.029440636639812192,2796-NNUFI
535,0,0.3111154861217232,6362-QHAFM
536,0,0.1445412385173658,6838-HVLXG
537,0,0.061566358159609445,8205-VSLRB
538,1,0.5823403156811304,2276-YDAVZ
539,0,0.03033575653760182,1839-FBNFR
540,0,0.24502625155594107,9386-LDCZR
541,0,0.054311425949099,3512-IZIKN
542,0,0.06152127605410319,9675-ICXCT
543,1,0.4079268089312615,3003-CMDUU
544,0,0.18390322907553439,6469-QJKZW
545,1,0.5249031291723061,3387-VATUS
546,1,0.4258087016200475,5628-FCGYG
547,1,0.4079268089312615,5244-IRFIH
548,0,0.12036964053944539,9092-GDZKO
549,0,0.2571824823985684,6410-LEFEN
550,0,0.1382771027002649,8606-CIQUL
551,0,0.23512592861347323,4742-DRORA
552,0,0.06543411507309659,7190-XHTWJ
553,0,0.137966645183925,9739-JLPQJ
554,1,0.40707564503795424,6745-JEFZB
555,0,0.023495560416777493,5939-SXWHM
556,0,0.09552644977815458,0602-DDUML
557,0,0.25371441800056466,3132-TVFDZ
558,1,0.5239298386025627,9734-YWGEX
559,0,0.25027183561962646,5951-AOFIH
560,0,0.19005055837107127,0030-FNXPP
561,0,0.06535555922867867,9229-RQABD
562,0,0.02362838195119835,0394-YONDK
563,1,0.6101169249963649,6513-EECDB
564,1,0.5973885312126952,3295-YVUSR
565,0,0.25371441800056466,8450-UYIBU
566,0,0.43267160614258465,9170-CCKOU
567,0,0.3873622419501925,8260-NGFNY
568,0,0.06075320441216764,8430-TWCBX
569,1,0.4049416840419914,4902-OHLSK
570,0,0.20590652983204424,5562-YJQGT
571,0,0.18834255063806352,3156-QLHBO
572,0,0.3891144204062406,5501-TVMGM
573,0,0.022176512635871806,9668-PUGNU
574,0,0.21599000527417078,4686-GEFRM
575,0,0.15022475763434356,7690-KPNCU
576,0,0.14402473328391435,6176-YJWAS
577,0,0.025667832707851154,6685-XSHHU
578,0,0.0230348455700465,9650-VBUOG
579,0,0.31815253973223917,9391-DXGGG
580,0,0.1383204669266105,5975-BAICR
581,0,0.39958402553793837,8058-DMYRU
582,1,0.5321505432589921,6015-VVHHE
583,0,0.3935747036039259,4840-ORQXB
584,0,0.06058816715887628,2252-NKNSI
585,1,0.4079268089312615,5144-TVGLP
586,0,0.2518442475615884,6475-VHUIZ
587,0,0.03082357800628048,1270-XKUCC
588,0,0.40707564503795424,8012-SOUDQ
589,0,0.25422046124371717,6859-RKMZJ
590,1,0.597029854169746,9878-TNQGW
591,1,0.4269381865562059,3312-ZWLGF
592,0,0.37795442983395167,6235-VDHOM
593,0,0.23648923689727494,0750-EBAIU
594,0,0.14575216794713539,7663-YJHSN
595,0,0.14095925541585275,9150-HEPMB
596,1,0.40719009454870253,4039-HEUNW
597,0,0.3889345876884519,3165-HDOEW
598,0,0.39162183975089976,1469-LBJQJ
599,1,0.531950240961108,8519-QJGJD
600,1,0.531950240961108,5931-FLJJF
601,0,0.21119964677975486,5730-RIITO
602,0,0.30896264018955716,5473-KHBPS
603,0,0.3889345876884519,1895-QTKDO
604,0,0.14853457992966512,3387-PLKUI
605,0,0.3726123213039202,5669-SRAIP
606,0,0.2571824823985684,8158-WPEZG
607,0,0.1382771027002649,0906-QVPMS
608,1,0.4049416840419914,6683-VLCTZ
609,0,0.09638549859039701,8084-OIVBS
610,0,0.3889345876884519,8665-UTDHZ
611,0,0.3474023531668348,5371-VYLSX
612,0,0.39327784597718174,8167-GJLRN
613,1,0.5201535133260127,6734-GMPVK
614,0,0.06152127605410319,9227-YBAXE
615,0,0.1799978749566409,5756-JYOJT
616,0,0.023495560416777493,0057-QBUQH
617,1,0.5321505432589921,7613-LLQFO
618,0,0.06482743272303168,6100-FJZDG
619,0,0.4269381865562059,3923-CSIHK
620,1,0.5115568607455995,4587-NUKOX
621,0,0.2560906316826934,3808-HFKDE
622,0,0.21701643789755895,5696-CEIQJ
623,0,0.08798681813423961,0757-WCUUZ
624,0,0.19729504383245985,8550-XSXUQ
625,1,0.5012408521606606,6956-SMUCM
626,0,0.17996168671112595,4854-SSLTN
627,0,0.1382771027002649,2223-GDSHL
628,1,0.5249031291723061,8266-VBFQL
629,0,0.21599000527417078,6797-LNAQX
630,0,0.14823043714752818,4877-TSOFF
631,0,0.25371441800056466,1125-SNVCK
632,0,0.25422046124371717,9530-EHPOH
633,1,0.4049416840419914,4817-VYYWS
634,0,0.30814831274065135,7722-CVFXN
635,0,0.11018504299389695,2667-WYLWJ
636,1,0.5321505432589921,3727-RJMEO
637,1,0.4049416840419914,0468-YRPXN
638,0,0.23562678629653416,0193-ESZXP
639,1,0.5860207429842258,2074-GKOWZ
640,0,0.21597883436597012,0191-ZHSKZ
641,1,0.5261744557814906,3703-KBKZP
642,1,0.41880970253719824,3254-YRILK
643,1,0.5016925888905476,9824-BEMCV
644,0,0.1760517615566032,3724-UCSHY
645,0,0.0440107428828173,2138-VFAPZ
646,0,0.06459213860538462,5519-TEEUH
647,1,0.4269381865562059,2115-BFTIW
648,0,0.3891144204062406,2232-DMLXU
649,1,0.4258087016200475,0578-SKVMF
650,1,0.6129815882997209,1746-TGTWV
651,1,0.4959168037109302,3398-ZOUAA
652,1,0.5159212243738629,1965-DDBWU
653,0,0.21199153775160234,0835-JKADZ
654,0,0.057606217490554654,4312-GVYNH
655,1,0.4049416840419914,7969-AULMZ
656,0,0.38929771034000493,5673-FSSMF
657,0,0.1382771027002649,0907-HQNTS
658,0,0.2650886201184472,9774-NRNAU
659,0,0.09035489087911358,2996-XAUVF
660,0,0.029365086358483415,4821-WQOYN
661,0,0.22142529555417476,4119-ZYPZY
662,0,0.25126137371557966,7434-SHXLS
663,1,0.5884688359467389,9643-AVVWI
664,0,0.20721951114257806,3038-PQIUY
665,1,0.45189708801160755,8637-XJIVR
666,1,0.5873393510105805,6357-JJPQT
667,0,0.26266253259479194,0247-SLUJI
668,0,0.2341424904505362,1229-RCALF
669,0,0.12450666285624683,1498-DQNRX
670,0,0.1499772378093682,3841-NFECX
671,0,0.1760517615566032,4719-UMSIY
672,0,0.3066640168946534,7245-JMTTQ
673,0,0.38546162167089904,4662-EKDPQ
674,0,0.20932947634077856,9577-WJVCQ
675,0,0.03046429656915473,1241-FPMOF
676,0,0.3894417573080758,9631-XEYKE
677,0,0.05394784111263715,5181-OABFK
678,1,0.531950240961108,8065-YKXKD
679,0,0.026112815207278085,9392-XBGTD
680,0,0.14736865104630545,3026-ATZYV
681,0,0.18463438387269157,1755-RMCXH
682,0,0.2518442475615884,3221-CJMSG
683,0,0.1783752197153835,5062-CJJKH
684,0,0.3889345876884519,7623-TRNQN
685,0,0.02979991807693794,7815-PDTHL
686,0,0.2518442475615884,3896-RCYYE
687,1,0.5269736869966828,4847-TAJYI
688,0,0.022176512635871806,5075-JSDKI
689,0,0.4170222256607014,5018-GWURO
690,1,0.584539125252015,5649-ANRML
691,0,0.1713809574285939,2439-QKJUL
692,0,0.4049416840419914,1866-RZZQS
693,0,0.30814831274065135,1448-CYWKC
694,1,0.40719009454870253,6899-PPEEA
695,0,0.2603749733380445,9134-WYRVP
696,1,0.5321505432589921,7517-LDMPS
697,0,0.30671422968284595,1357-BIJKI
698,0,0.3894417573080758,5759-RCVCB
699,0,0.02362838195119835,4176-RELJR
700,0,0.09164519451215711,3566-CAAYU
701,0,0.06152127605410319,1187-WILMM
702,0,0.13982215973578163,9581-GVBXT
703,0,0.14095925541585275,8668-KNZTI
704,1,0.5181540534229453,7450-NWRTR
705,0,0.030251055861594003,7602-DBTOU
706,0,0.23574254607716216,3096-WPXBT
707,0,0.3909845908452169,9637-EIHEQ
708,0,0.26266253259479194,6141-OOXUQ
709,0,0.05953258110837076,2498-XLDZR
710,0,0.05631591385751112,0567-XRHCU
711,1,0.4269381865562059,3858-VOBET
712,0,0.15864135689504943,1563-IWQEX
713,0,0.13795198929680538,8570-KLJYJ
714,1,0.44187202840331047,6100-QQHEB
715,0,0.3889345876884519,0082-LDZUE
716,0,0.21148132338872494,7683-CBDKJ
717,1,0.5332800281951505,7363-QTBIW
718,0,0.2341424904505362,0206-TBWLC
719,0,0.2676517776219679,6617-WLBQC
720,0,0.39327784597718174,0224-RLWWD
721,0,0.1402056969749813,4549-ZDQYY
722,1,0.4031182226184676,4238-JSSWH
723,1,0.6101169249963649,0021-IKXGC
724,0,0.23562678629653416,3786-WOVKF
725,0,0.06152127605410319,2725-TTRIQ
726,0,0.23717782812799892,4531-AUZNK
727,1,0.4049416840419914,8397-MVTAZ
728,1,0.4269381865562059,2190-BCXEC
729,0,0.06284393833665795,8461-EFQYM
730,0,0.13719843085593397,0661-WCQNQ
731,0,0.02362838195119835,4707-MAXGU
732,0,0.022821604862485773,0485-ZBSLN
733,0,0.03011823432717315,2146-EGVDT
734,0,0.0651279770660485,5995-WWKKG
735,0,0.06152127605410319,2987-BJXIK
736,0,0.025407471528170755,6340-DACFT
737,1,0.6028573012134221,2516-VQRRV
738,0,0.33359809953254166,3934-HXCFZ
739,0,0.06434676437134479,1839-UMACK
740,1,0.4258087016200475,7929-DMBCV
741,0,0.15038288201809386,2361-UPSND
742,0,0.14823043714752818,8879-ZKJOF
743,0,0.06611147025369772,2662-NNTDK
744,0,0.06473008576906727,2821-WARNZ
745,1,0.40707564503795424,2371-JQHZZ
746,0,0.3338960428705016,5575-TPIZQ
747,0,0.1425284514492922,8869-LIHMK
748,0,0.23963154966408606,5802-ADBRC
749,1,0.40779760144412125,7270-BDIOA
750,0,0.03046429656915473,2675-IJRGJ
751,0,0.20721951114257806,2045-BMBTJ
752,0,0.2497342823633879,3863-QSTYI
753,1,0.531950240961108,3627-FCRDW
754,0,0.13982215973578163,7795-CFOCW
755,0,0.0624396306828154,9867-JCZSP
756,0,0.3584723188538805,7580-UGXNC
757,0,0.17432875195592387,7845-URHJN
758,0,0.14952109591687113,1154-HYWWO
759,0,0.02554029306259161,8544-JNBOX
760,0,0.14743081308737782,0112-QWPNC
761,1,0.6101169249963649,1031-IIDEO
762,0,0.31128816757942923,7537-CBQUZ
763,0,0.3953981650274497,5515-AKOAJ
764,1,0.4223455820700404,3023-GFLBR
765,1,0.5917865393387011,8086-OVPWV
766,1,0.6129815882997209,7180-PISOG
767,0,0.1382771027002649,4376-KFVRS
768,0,0.023990531154764225,3120-FAZKD
769,0,0.25137031026156526,6121-VZNQB
770,0,0.18915543847328162,5144-PQCDZ
771,0,0.06111248584929339,6563-VRERX
772,0,0.25551911227921975,5766-ZJYBB
773,1,0.5321505432589921,2691-NZETQ
774,0,0.21597883436597012,8851-RAGOV
775,0,0.3196446956082191,4480-MBMLB
776,1,0.5971825299650578,7216-EWTRS
777,0,0.22541424277716451,4670-TABXH
778,1,0.531950240961108,0709-TVGUR
779,1,0.5138506665494862,0236-HFWSV
780,1,0.6101169249963649,6653-CBBOM
781,0,0.2560906316826934,7811-JIVPF
782,0,0.23074981941103137,6838-YAUVY
783,0,0.02362838195119835,6976-BWGLQ
784,0,0.04943611171123756,1093-YSWCA
785,1,0.5321505432589921,7693-LCKZL
786,0,0.04658164887742103,3078-ZKNTS
787,0,0.06099683410084438,9068-VPWQQ
788,0,0.06273077637133671,9236-NDUCW
789,0,0.06152127605410319,2226-ICFDO
790,1,0.40116535876544135,8868-WOZGU
791,1,0.5962420434966837,3716-BDVDB
792,0,0.06232090011425356,6741-QRLUP
793,0,0.2505767389602559,9909-DFRJA
794,0,0.13907402536748192,9411-TPQQV
795,0,0.02998969429562024,7114-AEOZE
796,0,0.18149071349478216,9114-AAFQH
797,0,0.029227395932251467,3642-BYHDO
798,0,0.12737449808087117,5857-XRECV
799,0,0.2518442475615884,3733-ZEECP
800,0,0.06423285716825888,9805-FILKB
801,0,0.3120135444672211,8985-OOPOS
802,1,0.6155856949970918,5043-TRZWM
803,0,0.21359128858692544,5639-NTUPK
804,0,0.19514259896189418,0661-KBKPA
805,1,0.4269381865562059,0585-EGDDA
806,1,0.5825406179790147,2674-MIAHT
807,0,0.3379568698153301,4821-SJHJV
808,0,0.06579339651022233,9531-NSBMR
809,0,0.18067935882933386,8410-BGQXN
810,0,0.2489214268398811,2770-NSVDG
811,0,0.02204369110145095,3785-KTYSH
812,0,0.3340160272041676,1422-DGUBX
813,0,0.2531328151387085,6250-CGGUN
814,0,0.11137460223625734,2495-TTHBQ
815,0,0.03033575653760182,9624-EGDEQ
816,0,0.23438921423091422,7629-WFGLW
817,0,0.18262160383648862,1337-BOZWO
818,0,0.06543411507309659,4530-NDRKU
819,0,0.11909048835786713,9860-LISIZ
820,1,0.5239298386025627,3440-JPSCL
821,0,0.3953981650274497,2675-DHUTR
822,0,0.2560906316826934,8008-HAWED
823,1,0.4258087016200475,1766-GKNMI
824,0,0.3774472602143279,9638-JIQYA
825,0,0.24730184315477985,4282-ACRXS
826,0,0.3889345876884519,4065-JJAVA
827,0,0.08880647969939659,7253-UVNDW
828,0,0.2518442475615884,9863-JZAIC
829,1,0.5675957820767117,1565-RHDJD
830,0,0.14823043714752818,4890-VMUAV
831,1,0.5797471832093377,7952-OBOYL
832,1,0.4258087016200475,3536-IQCTX
833,0,0.02591317631207643,2642-MAWLJ
834,0,0.21546145902590172,4139-SUGLD
835,0,0.2552485014248915,8799-OXZMD
836,0,0.2341424904505362,5140-FOMCQ
837,0,0.3086090207176975,5968-XQIVE
838,0,0.08914839787002764,3724-BSCVH
839,0,0.25211049604551666,9089-UOWJG
840,0,0.33177463810901786,4423-YLHDV
841,0,0.2151955055474427,9586-JGQKH
842,0,0.18262160383648862,5160-UXJED
843,1,0.5241664147897471,1010-DIAUQ
844,1,0.40116535876544135,4716-HHKQH
845,0,0.3568831580099699,7421-ZLUPA
846,0,0.21176838117324215,9137-NOQKA
847,0,0.22518116119527629,4057-FKCZK
848,1,0.5263747580793747,6719-OXYBR
849,0,0.029440636639812192,9418-RUKPH
850,1,0.5321505432589921,1508-DFXCU
851,0,0.2361943899650619,9360-AHGNL
852,0,0.33177463810901786,5590-BYNII
853,0,0.02362838195119835,9953-ZMKSM
854,0,0.22142529555417476,8107-RZLNV
855,1,0.5794756523777744,0581-BXBUB
856,0,0.17508912419396583,4903-UYAVB
857,0,0.4269381865562059,3537-HPKQT
858,1,0.4312805288985483,1396-QWFBJ
859,0,0.18062892739355949,0743-HRVFF
860,0,0.14823043714752818,5906-DVAPM
861,1,0.5823403156811304,6376-GAHQE
862,1,0.6140157420230559,2867-UIMSS
863,0,0.1382771027002649,0106-UGRDO
864,0,0.24035441098033747,4282-MSACW
865,0,0.10058324775556343,0942-KOWSM
866,0,0.2560906316826934,4690-LLKUA
867,1,0.5332800281951505,6689-TCZHQ
868,0,0.315739636806499,9158-VCTQB
869,0,0.2210972970076814,7217-JYHOQ
870,1,0.5221063771790388,4822-RVYBB
871,0,0.14518309741021254,8466-PZBLH
872,0,0.025407471528170755,3154-HMWUU
873,0,0.022176512635871806,6857-TKDJV
874,1,0.4269381865562059,6298-QDFNH
875,1,0.4031182226184676,5219-YIPTK
876,0,0.21931669123018072,6749-UTDVX
877,0,0.05265753747959362,5338-YHWYT
878,1,0.6140157420230559,0318-QUUOB
879,0,0.39562660311845166,0895-DQHEW
880,0,0.02362838195119835,2097-YVPKN
881,0,0.14823043714752818,7868-BGSZA
882,0,0.06257238804111315,5726-CVNYA
883,0,0.3340160272041676,2402-TAIRZ
884,0,0.02362838195119835,2452-MRMZF
885,0,0.3909845908452169,4317-VTEOA
886,1,0.42646756402994596,9221-OTIVJ
887,0,0.05394784111263715,9372-TXXPS
888,0,0.30814831274065135,5569-IDSEY
889,0,0.06423285716825888,8327-WKMIE
890,0,0.25371441800056466,0980-PVMRC
891,1,0.5241664147897471,7548-SEPYI
892,0,0.023574229401931247,3460-TJBWI
893,0,0.1473274026984037,8559-CIZFV
894,0,0.21148132338872494,2937-FTHUR
895,1,0.45189708801160755,8104-OSKWT
896,0,0.2515217348952601,5624-BQSSA
897,0,0.02362838195119835,1080-BWSYE
898,0,0.025567114070094852,7647-GYYKX
899,0,0.3147253272784534,2360-RDGRO
900,0,0.20721951114257806,7672-VFMXZ
901,1,0.5884688359467389,7074-IEVOJ
902,1,0.6129815882997209,9399-APLBT
903,1,0.6088388857607465,0970-ETWGE
904,0,0.2560906316826934,5697-GOMBF
905,1,0.5288207360126148,7326-RIGQZ
906,0,0.3200131826586948,0870-VEMYL
907,0,0.1712213148866698,1614-JBEBI
908,0,0.1382771027002649,3892-NXAZG
909,0,0.21148132338872494,0851-DFJKB
910,0,0.061227032100789586,7622-FWGEW
911,0,0.2341424904505362,1679-JRFBR
912,0,0.14996951686006663,2984-TBYKU
913,0,0.08351063411946415,8174-TBVCF
914,0,0.3474023531668348,6686-YPGHK
915,0,0.18915543847328162,2832-SCUCO
916,0,0.3936737392654255,8938-UMKPI
917,0,0.24494412259220386,3976-NLDEZ
918,0,0.09489808000395933,6924-TDGMT
919,0,0.2653555856549207,3589-PPVKW
920,1,0.4049416840419914,1075-BGWOH
921,1,0.4269381865562059,9819-FBNSV
922,0,0.06591928343890664,7137-NAXML
923,0,0.15384106010651474,4024-CSNBY
924,0,0.1802453901543598,3926-YZVVX
925,0,0.3889345876884519,3961-SXAXY
926,0,0.2377944455916879,4676-MQUEA
927,1,0.5321505432589921,6435-SRWBJ
928,0,0.12520062227514053,1237-WIYYZ
929,1,0.449472746616119,5433-KYGHE
930,1,0.5245583754577493,0135-NMXAP
931,0,0.2333625063875024,4931-TRZWN
932,0,0.15131645483900796,0248-PGHBZ
933,0,0.15022475763434356,3487-EARAT
934,1,0.5249031291723061,8780-IXSTS
935,0,0.14591925696401226,4881-GQJTW
936,1,0.5823403156811304,3249-ZPQRG
937,0,0.2653555856549207,8718-PTMEZ
938,0,0.33936613140279936,4659-NZRUF
939,0,0.02238975334343253,4526-EXKKN
940,1,0.531950240961108,8981-FJGLA
941,0,0.03011823432717315,5730-DBDSI
942,0,0.21890970134007992,9820-RMCQV
943,1,0.4258087016200475,5016-IBERQ
944,0,0.2513625603446471,6946-LMSQS
945,0,0.03011823432717315,7416-CKTEP
946,0,0.26266253259479194,1725-MIMXW
947,0,0.14823043714752818,4106-HADHQ
948,0,0.33964109561674344,5071-FBJFS
949,1,0.5269736869966828,7394-FKDNK
950,0,0.14666462733438265,8573-CGOCC
951,0,0.029227395932251467,7673-BQGKU
952,0,0.06152127605410319,9073-ZZIAY
953,0,0.06030483055294618,1506-YJTYT
954,1,0.5249031291723061,7321-PKUYW
955,1,0.6101169249963649,1977-STDKI
956,0,0.06273077637133671,0191-EQUUH
957,0,0.31777029103966536,0595-ITUDF
958,0,0.060951751995338116,9548-LIGTA
959,0,0.030251055861594003,2900-PHPLN
960,0,0.14379930409410915,1090-ESELR
961,0,0.12423798491250318,5537-UXXVS
962,0,0.2634079029651623,3148-BLQJT
963,1,0.5321505432589921,8972-HJWNV
964,0,0.4258087016200475,3503-TYDAY
965,0,0.029440636639812192,2300-RQGOI
966,0,0.10581027034001611,3750-YHRYO
967,1,0.6140157420230559,2004-OCQXK
968,0,0.22419923980214435,7159-NOKYQ
969,1,0.5138506665494862,1379-FRVEB
970,1,0.6101169249963649,2982-IHMFT
971,0,0.09898181490279244,9541-PWTWO
972,0,0.0624396306828154,4378-BZYFP
973,0,0.31729075363101644,6668-CNMFP
974,0,0.048729785341863584,8388-DMKAE
975,0,0.06482743272303168,4709-LKHYG
976,0,0.21148132338872494,4495-LHSSK
977,0,0.1382771027002649,9637-CDTKZ
978,0,0.21890970134007992,8108-UXRQN
979,0,0.15022475763434356,1492-KGETH
980,0,0.1456574941199165,3617-XLSGQ
981,0,0.03082357800628048,0559-CKHUS
982,0,0.1711572835754853,2233-FAGXV
983,0,0.2560906316826934,5366-OBVMR
984,0,0.025407471528170755,0780-XNZFN
985,0,0.09115662945499434,3796-ENZGF
986,0,0.09837773276005052,1952-DVVSW
987,1,0.6169154822311345,5919-TMRGD
988,0,0.4223455820700404,3452-ABWRL
989,0,0.3365832244218118,6522-YRBXD
990,0,0.025407471528170755,2346-LOCWC
991,0,0.1496998077258271,3244-CQPHU
992,0,0.3348196018702298,6741-EGCBI
993,0,0.2560906316826934,3640-JQGJG
994,0,0.14548342099793465,4973-RLZVI
995,0,0.18670993853417556,3744-ZBHON
996,0,0.21546145902590172,4316-XCSLJ
997,0,0.06152127605410319,1568-BEKZM
998,1,0.5263747580793747,9208-OLGAQ
999,0,0.05394784111263715,7633-MVPUY
1000,0,0.06572255262082131,5917-RYRMG
1001,0,0.21599000527417078,4419-UJMUS
1002,0,0.1705250441202909,2239-CFOUJ
1003,0,0.027204665923153036,1635-HDGFT
1004,0,0.40198359525048244,1485-YDHMM
1005,1,0.6028573012134221,7817-BOQPW
1006,0,0.022176512635871806,8780-IHCRN
1007,1,0.5794756523777744,9389-ACWBI
1008,1,0.45189708801160755,1346-UFHAX
1009,0,0.025407471528170755,1215-EXRMO
1010,0,0.39327784597718174,4959-JOSRX
1011,0,0.3357320605285046,0376-OIWME
1012,0,0.21517921030581977,4277-UDIEF
1013,0,0.24167406747891543,2668-TZSPS
1014,0,0.15651136658851775,3898-BSJYF
1015,0,0.23203776767020515,8752-GHJFU
1016,0,0.18670993853417556,3407-QGWLG
1017,1,0.557520665816035,1602-IJQQE
1018,0,0.2560906316826934,8614-VGMMV
1019,0,0.06075320441216764,0048-PIHNL
1020,0,0.14736865104630545,1866-NXPSP
1021,0,0.39162183975089976,8677-HDZEE
1022,0,0.4258087016200475,5076-YVXCM
1023,0,0.3726123213039202,8229-TNIQA
1024,0,0.14197521590781206,2599-CIPQE
1025,0,0.02569993560451571,4957-SREEC
1026,0,0.13719843085593397,6543-JXSOO
1027,0,0.39327784597718174,4208-UFFGW
1028,0,0.14823043714752818,4667-QONEA
1029,0,0.3935747036039259,3791-LGQCY
1030,0,0.21546145902590172,0128-MKWSG
1031,0,0.21546145902590172,7078-NVFAM
1032,0,0.3935747036039259,2378-VTKDH
1033,0,0.11893084581594303,7407-SUJIZ
1034,0,0.354934230207458,3137-LUPIX
1035,0,0.3203345947068349,8388-FYNPZ
1036,0,0.3474023531668348,6769-DYBQN
1037,0,0.029227395932251467,9800-OUIGR
1038,1,0.531050340900863,0388-EOPEX
1039,1,0.5309913645379976,6557-BZXLQ
1040,0,0.2560906316826934,6133-OZILE
1041,0,0.03046429656915473,9565-AXSMR
1042,0,0.3054717527725972,3104-OWCGK
1043,0,0.1813674262250364,8672-OAUPW
1044,0,0.17342076833674763,1045-LTCYT
1045,0,0.06284393833665795,1897-RCFUM
1046,0,0.39086686356619926,9505-SQFSW
1047,0,0.31077438589297424,3410-MHHUM
1048,1,0.6155856949970918,6910-HADCM
1049,0,0.3348196018702298,0634-SZPQA
1050,0,0.21119964677975486,0117-LFRMW
1051,0,0.1382771027002649,3520-FJGCV
1052,0,0.23825285944885702,6732-FZUGP
1053,0,0.1799978749566409,7228-PAQPD
1054,0,0.3340160272041676,0369-ZGOVK
1055,0,0.18224427193565362,6195-MELTI
1056,1,0.5249031291723061,8414-MYSHR
1057,0,0.13719843085593397,5989-OMNJE
1058,0,0.08662788776196917,6508-NJYRO
1059,0,0.063926709072537,9150-KPBJQ
1060,0,0.21044430223246663,6439-LAJXL
1061,0,0.2634079029651623,1934-SJVJK
1062,0,0.39958402553793837,1930-WNXSB
1063,0,0.03011823432717315,6323-AYBRX
1064,0,0.2560906316826934,7746-AWNQW
1065,0,0.142829425854829,5125-CNDSP
1066,1,0.5321505432589921,7563-BIUPC
1067,0,0.09902689700829866,8630-QSGXK
1068,0,0.18829403073644446,8563-IIOXK
1069,0,0.2341424904505362,0409-WTMPL
1070,0,0.21492956570290314,1849-RJYIG
1071,1,0.42064752085756546,2057-ZBLPD
1072,1,0.4269381865562059,2884-GBPFB
1073,1,0.6129815882997209,2424-WVHPL
1074,1,0.530855686799662,4439-JMPMT
1075,1,0.5840377104908007,2856-HYAPG
1076,0,0.12018233907374208,4054-CUMIA
1077,0,0.24641073090297883,1397-XKKWR
1078,0,0.2634079029651623,3930-ZGWVE
1079,0,0.3544621118334711,3258-SANFR
1080,1,0.45412727068296666,5760-FXFVO
1081,0,0.35478909358241983,8963-JLGJT
1082,0,0.25371441800056466,5533-RJFTJ
1083,0,0.4223455820700404,7621-VPNET
1084,0,0.061566358159609445,8311-UEUAB
1085,0,0.06218960001164728,5982-PSMKW
1086,0,0.30837481618043017,7921-LMDFQ
1087,1,0.5978964227488243,3097-NQYSN
1088,1,0.40779760144412125,3640-PHQXK
1089,0,0.06134777996694044,6527-PZFPV
1090,0,0.17541310485218314,1925-GMVBW
1091,1,0.6122875535217477,1084-UQCHV
1092,0,0.06482743272303168,7328-OWMOM
1093,0,0.14736865104630545,0930-EHUZA
1094,0,0.05631591385751112,3511-BFTJW
1095,0,0.25211049604551666,5424-RLQLC
1096,0,0.029094574397830614,2181-TIDSV
1097,1,0.5263747580793747,9314-IJWSQ
1098,0,0.06152127605410319,3262-EIDHV
1099,0,0.06030483055294618,1023-BQXZE
1100,0,0.30466233016832023,3339-EAQNV
1101,0,0.24035441098033747,0186-CAERR
1102,0,0.04308964705603886,3239-TPHPZ
1103,0,0.21546145902590172,3307-TLCUD
1104,1,0.4258087016200475,0818-OCPZO
1105,1,0.6169154822311345,8580-AECUZ
1106,0,0.1556462218417991,8735-NBLWT
1107,1,0.5263747580793747,4514-GFCFI
1108,1,0.5476775517112239,6772-KSATR
1109,0,0.2658882441785976,2474-LCNUE
1110,0,0.054311425949099,7860-KSUGX
1111,1,0.5263747580793747,2739-CACDQ
1112,0,0.022176512635871806,8735-SDUFN
1113,0,0.25211049604551666,8679-JOEVF
1114,0,0.08912051742182842,2845-KDHVX
1115,0,0.1523967774227968,6519-ZHPXP
1116,0,0.25371441800056466,4422-QVIJA
1117,1,0.4258087016200475,6259-WJQLC
1118,0,0.309923221999667,1710-RCXUS
1119,0,0.11768233844625986,5442-BXVND
1120,0,0.39745006454197546,9732-EQMWY
1121,1,0.4691775873228226,1047-NNCBF
1122,0,0.3889345876884519,3413-BMNZE
1123,0,0.1382771027002649,8670-ERCJH
1124,0,0.09974241352584441,0556-FJEGU
1125,0,0.25371441800056466,7721-JXEAW
1126,0,0.28580245685887457,2259-OUUSZ
1127,0,0.08944419700551168,1139-WUOAH
1128,0,0.33177463810901786,8429-XIBUM
1129,0,0.14106748307620404,7153-CHRBV
1130,0,0.2571824823985684,7511-YMXVQ
1131,0,0.1680416249583142,3981-QSVQI
1132,0,0.14518309741021254,4853-RULSV
1133,0,0.2497342823633879,4939-KYYPY
1134,0,0.06250133869255708,2990-IAJSV
1135,0,0.14371781849807097,3134-DSHVC
1136,0,0.031209666939525097,9975-GPKZU
1137,0,0.2248340975993591,9128-CPXKI
1138,0,0.022176512635871806,5846-ABOBJ
1139,0,0.14146024310208083,2898-LSJGD
1140,0,0.2482252923995468,4377-VDHYI
1141,0,0.21597883436597012,6092-QZVPP
1142,1,0.6169154822311345,2868-MZAGQ
1143,1,0.4079268089312615,9600-UDOPK
1144,0,0.22655441949625288,2530-ENDWQ
1145,0,0.2333625063875024,2971-SGAFL
1146,0,0.0836633986593599,5039-LZRQT
1147,0,0.17471359775460654,9027-YFHQJ
1148,0,0.30814831274065135,7067-KSAZT
1149,0,0.022821604862485773,4443-EMBNA
1150,0,0.10754317295520029,7353-YOWFP
1151,0,0.025753533770152336,3662-FXJFO
1152,0,0.0673698602456361,9067-YGSCA
1153,0,0.06123793944817308,8468-FZTOE
1154,0,0.3171425399880604,8887-IPQNC
1155,0,0.029094574397830614,9507-HSMMZ
1156,1,0.4465460873748261,9866-QEVEE
1157,0,0.4269381865562059,3452-SRFEG
1158,0,0.2935844120888783,6715-OFDBP
1159,1,0.4258087016200475,3370-GQEAL
1160,0,0.31316240435088366,0295-QVKPB
1161,0,0.4269381865562059,7148-XZPHA
1162,0,0.06473008576906727,9170-ARBTB
1163,0,0.061815211713938785,5840-NVDCG
1164,0,0.28216701324608534,0550-DCXLH
1165,0,0.1454220283632039,5688-KZTSN
1166,1,0.3399130413504671,0207-MDKNV
1167,0,0.06150742250886454,6072-NUQCB
1168,0,0.19127354674162408,0068-FIGTF
1169,0,0.030996426231964372,2984-RGEYA
1170,0,0.30171435946664976,0804-XBFBV
1171,1,0.4269381865562059,9465-RWMXL
1172,0,0.14182104151707545,1099-BTKWT
1173,0,0.39745006454197546,5649-RXQTV
1174,1,0.40707564503795424,6507-ZJSUR
1175,1,0.4476349282957518,4123-DVHPH
1176,0,0.08977502407318085,6701-DHKWQ
1177,0,0.25371441800056466,8807-ARQET
1178,1,0.4269381865562059,4412-YLTKF
1179,0,0.3599135068135146,5233-GEEAX
1180,0,0.06543411507309659,1697-LYYYX
1181,0,0.3904625928698908,1142-WACZW
1182,0,0.13719843085593397,8220-OCUFY
1183,0,0.1382771027002649,8015-IHCGW
1184,0,0.06152127605410319,4782-OSFXZ
1185,1,0.5261744557814906,1769-GRUIK
1186,0,0.3206688975236914,9822-WMWVG
1187,0,0.3909845908452169,8992-JQYUN
1188,0,0.4269381865562059,7693-QPEFS
1189,0,0.37934014194408827,2277-VWCNI
1190,0,0.02362838195119835,4312-KFRXN
1191,0,0.1760517615566032,7623-HKYRK
1192,0,0.21546145902590172,0991-BRRFB
1193,1,0.5321505432589921,3908-BLSYF
1194,1,0.5321505432589921,0947-IDHRQ
1195,0,0.18075143339751232,6586-PSJOX
1196,0,0.057606217490554654,4872-JCVCA
1197,0,0.3726123213039202,0224-HJAPT
1198,0,0.4079268089312615,3951-NJCVI
1199,0,0.22000155205595487,6549-NNDYT
1200,0,0.08798681813423961,4891-NLUBA
1201,0,0.3127724634254272,0899-WZRSD
1202,0,0.20721951114257806,6865-JZNKO
1203,0,0.3889345876884519,1976-CFOCS
1204,0,0.21602141641877812,5876-HZVZM
1205,0,0.21000686800252136,3466-WAESX
1206,0,0.11601293269678664,1015-JPFYW
1207,0,0.15157648910215715,8639-NHQEI
1208,0,0.31077438589297424,2927-QRRQV
1209,0,0.3894417573080758,2637-FKFSY
1210,0,0.19428081286067148,9938-ZREHM
1211,0,0.32420480935469037,2868-LLSKM
1212,0,0.06399547978636455,0804-YGEQV
1213,1,0.5239298386025627,1571-SAVHK
1214,1,0.4258087016200475,0027-KWYKW
1215,1,0.5261744557814906,5146-CBVOE
1216,0,0.02362838195119835,6651-RLGGM
1217,1,0.5261744557814906,4465-VDKIQ
1218,1,0.531950240961108,6339-YPSAH
1219,0,0.35721210486379645,0867-MKZVY
1220,0,0.3101011765936776,9821-BESNZ
1221,0,0.05986099981980712,6427-FEFIG
1222,0,0.2341424904505362,4476-OSWTN
1223,0,0.14106748307620404,5127-BZENZ
1224,0,0.2518442475615884,9972-NKTFD
1225,0,0.026272457749202182,8859-DZTGQ
1226,0,0.18236202732670345,4115-UMJFQ
1227,1,0.5239298386025627,6108-OQZDQ
1228,0,0.030251055861594003,3173-WSSUE
1229,1,0.6101169249963649,9985-MWVIX
1230,0,0.06284393833665795,6546-OPBBH
1231,0,0.02412335268918508,1555-HAPSU
1232,1,0.6169154822311345,2514-GINMM
1233,0,0.39162183975089976,4446-BZKHU
1234,1,0.5239298386025627,5419-CONWX
1235,1,0.5821624947482712,9611-CTWIH
1236,1,0.6140157420230559,2202-CUYXZ
1237,0,0.2560906316826934,5204-QZXPU
1238,0,0.2634079029651623,3717-OFRTN
1239,0,0.1382771027002649,7929-SKFGK
1240,1,0.5794756523777744,4763-PGDPO
1241,0,0.38337101388001704,6158-HDPXZ
1242,0,0.3889345876884519,8356-WUAOJ
1243,1,0.6111083233951491,5884-GCYMI
1244,1,0.3833438111433315,9142-KZXOP
1245,1,0.5309913645379976,1016-DJTSV
1246,0,0.12714703617354736,9817-APLHW
1247,1,0.5321505432589921,9185-TQCVP
1248,0,0.09009678333244012,3745-HRPHI
1249,0,0.022821604862485773,3836-FZSDJ
1250,0,0.18262160383648862,3638-DIMPH
1251,0,0.14106748307620404,7876-AEHIG
1252,0,0.40066939396851303,0929-PECLO
1253,0,0.033678659919927016,9945-PSVIP
1254,0,0.08416062726016829,7609-NRNCA
1255,1,0.34368936662701716,6215-NQCPY
1256,0,0.02362838195119835,1767-CJKBA
1257,0,0.2560906316826934,2604-XVDAM
1258,0,0.02362838195119835,5334-AFQJB
1259,0,0.2497342823633879,8495-PRWFH
1260,0,0.30814831274065135,0308-GIQJT
1261,1,0.5269736869966828,5348-CAGXB
1262,0,0.30814831274065135,5174-ITUMV
1263,0,0.24654521315775235,1395-OFUWC
1264,1,0.531950240961108,4441-NIHPT
1265,0,0.13280947870099033,7021-XSNYE
1266,1,0.6129815882997209,3276-HDUEG
1267,0,0.176265254517183,6784-XYJAE
1268,0,0.19514259896189418,1121-QSIVB
1269,0,0.40707564503795424,0943-ZQPXH
1270,0,0.02412335268918508,8165-ZJRNM
1271,0,0.1432302335571863,4378-MYPGO
1272,0,0.3351709123362945,0880-FVFWF
1273,0,0.31271554174834915,1217-VASWC
1274,0,0.20223055041934043,5766-XQXMQ
1275,0,0.05394784111263715,0774-RMNUW
1276,1,0.5249031291723061,5519-NPHVG
1277,0,0.23517503561530545,3224-DFQNQ
1278,0,0.14106748307620404,1752-OZXFY
1279,1,0.4258087016200475,3672-YITQD
1280,0,0.20721951114257806,7839-NUIAA
1281,0,0.1799978749566409,7919-ZODZZ
1282,0,0.11995866522063352,4830-FAXFM
1283,0,0.10099210354558935,2211-RMNHO
1284,0,0.02998969429562024,3359-DSRKA
1285,0,0.24534082223578652,4634-JLRJT
1286,0,0.06543411507309659,7009-PCARS
1287,1,0.4259793101330955,4883-QICIH
1288,1,0.5221063771790388,9681-OXGVC
1289,0,0.3368258425094525,0909-SDHNU
1290,0,0.06560515436328315,2809-ILCYT
1291,0,0.12002269653181799,7010-ZMVBF
1292,0,0.12314613419662823,9467-ROOLM
1293,0,0.06273077637133671,9796-MVYXX
1294,0,0.36417857796196257,0067-DKWBL
1295,0,0.18834255063806352,9101-NTIXF
1296,1,0.5261744557814906,4360-PNRQB
1297,0,0.40116535876544135,6518-LGAOV
1298,0,0.14408397198192852,6114-TCFID
1299,0,0.1802453901543598,9388-ZEYVT
1300,0,0.21119964677975486,4011-ARPHK
1301,1,0.4465221259876975,5141-ZUVBH
1302,0,0.02362838195119835,3696-DFHHB
1303,0,0.2518442475615884,9881-VCZEP
1304,0,0.1382771027002649,3669-WHAFY
1305,0,0.030122515830041094,3996-ZNWYK
1306,0,0.2571824823985684,4718-DHSMV
1307,0,0.3889345876884519,1406-PUQVY
1308,1,0.4258087016200475,5813-UECBU
1309,1,0.6140157420230559,7503-ZGUZJ
1310,0,0.08798681813423961,9018-PCIOK
1311,0,0.14869866421524963,4806-DXQCE
1312,0,0.3656230709652566,2235-ZGKPT
1313,0,0.06689268294840145,1813-JLKWR
1314,1,0.4258087016200475,0921-OHLVP
1315,0,0.055736047051578384,8819-WFGGJ
1316,1,0.5239298386025627,2446-BEGGB
1317,0,0.06099683410084438,3795-GWTRD
1318,0,0.18202924139166135,6231-WFGFH
1319,1,0.6169154822311345,7594-RQHXR
1320,0,0.2571824823985684,7950-XWOVN
1321,0,0.02362838195119835,7480-SPLEF
1322,0,0.3909845908452169,6905-NIQIN
1323,0,0.27652385481830327,3058-WQDRE
1324,0,0.21359128858692544,5311-IHLEI
1325,0,0.3066640168946534,6723-WSNTY
1326,0,0.40066939396851303,7251-XFOIL
1327,0,0.08639395647168685,3280-MRDOF
1328,0,0.3600151523910216,7246-ZGQDF
1329,0,0.03011823432717315,6582-PLFUU
1330,1,0.5321505432589921,0219-YTZUE
1331,0,0.3368258425094525,2826-DXLQO
1332,0,0.11601293269678664,0895-LNKRC
1333,1,0.6101169249963649,0390-DCFDQ
1334,0,0.25211049604551666,1357-MVDOZ
1335,1,0.4102129129830546,9054-FOWNV
1336,0,0.1443613849272581,0810-BDHAW
1337,0,0.40719009454870253,3269-ATYWD
1338,0,0.3066640168946534,6664-FPDAC
1339,0,0.4269381865562059,1996-DBMUS
1340,0,0.02362838195119835,8207-VVMYB
1341,0,0.06099683410084438,8295-KMENE
1342,1,0.5239298386025627,1455-UGQVH
1343,0,0.3889345876884519,7734-DBOAI
1344,0,0.030996426231964372,7729-XBTWX
1345,0,0.33374832836923196,7716-YTYHG
1346,1,0.4269381865562059,0265-EDXBD
1347,0,0.39562660311845166,4983-CLMLV
1348,0,0.25320234676139164,1205-WNWPJ
1349,1,0.4102129129830546,6005-OBZPH
1350,1,0.4170133914110847,7855-DIWPO
1351,1,0.5241664147897471,2180-DXNEG
1352,1,0.5249031291723061,7928-VJYAB
1353,1,0.4079268089312615,1626-ERCMM
1354,1,0.5332800281951505,2688-BHGOG
1355,0,0.25137031026156526,1098-TDVUQ
1356,0,0.27479575809592305,0013-MHZWF
1357,0,0.19713691944870962,8016-ZMGMO
1358,0,0.14146024310208083,8109-YUOHE
1359,1,0.5249031291723061,3398-FSHON
1360,0,0.3559172484044663,1580-BMCMR
1361,1,0.4499104078251584,5842-POCOP
1362,0,0.2518442475615884,3209-ZPKFI
1363,0,0.1382771027002649,7055-JCGNI
1364,1,0.4269381865562059,4183-WCSEP
1365,0,0.15566288460180472,8003-EWNDZ
1366,0,0.40525035498450895,9701-CDXHR
1367,0,0.03046429656915473,2428-HYUNX
1368,1,0.531950240961108,3199-XGZCY
1369,0,0.2560906316826934,5649-TJHOV
1370,0,0.05631591385751112,8046-DNVTL
1371,0,0.05394784111263715,6695-FRVEC
1372,1,0.40116535876544135,3957-LXOLK
1373,0,0.1383204669266105,4730-AWNAU
1374,0,0.30814831274065135,6994-FGRHH
1375,1,0.42064752085756546,6352-TWCAU
1376,0,0.38757158686909954,8654-DHAOW
1377,0,0.18325265627340712,5386-THSLQ
1378,1,0.4174916016739275,7924-GJZFI
1379,0,0.05394784111263715,1459-QNFQT
1380,0,0.13719843085593397,0074-HDKDG
1381,0,0.06572255262082131,4795-UXVCJ
1382,0,0.38946841889634465,7890-VYYWG
1383,0,0.054311425949099,5275-PMFUT
1384,1,0.5838024108694561,3158-MOERK
1385,0,0.20721951114257806,0289-IVARM
1386,0,0.3727544215429971,5215-LNLDJ
1387,0,0.06576018566871748,9361-YNQWJ
1388,0,0.05394784111263715,8232-CTLKO
1389,1,0.6101169249963649,9747-DDZOS
1390,1,0.5269736869966828,1513-XNPPH
1391,0,0.3066640168946534,2272-JKMSI
1392,0,0.02362838195119835,5995-LFTLE
1393,0,0.25422046124371717,8292-TYSPY
1394,0,0.24534082223578652,0670-KDOMA
1395,0,0.0970817011712355,6674-KVJHG
1396,0,0.09906206313332415,2753-JMMCV
1397,0,0.2497342823633879,2851-MMUTZ
1398,0,0.14332619250922815,4697-LUPSU
1399,0,0.3889345876884519,7663-RGWBC
1400,1,0.5794756523777744,6705-LXORM
1401,0,0.3889345876884519,9752-ZNQUT
1402,0,0.23757965014956034,0877-SDMBN
1403,0,0.15549862528937902,5555-RNPGT
1404,0,0.25371441800056466,4628-CTTLA
1405,0,0.11909048835786713,0516-QREYC
1406,0,0.31815253973223917,5198-HQAEN
